# oST version 5.0 parameters


[image]

width
1920

height
1080

[narrow_stereo]

camera matrix
1078.175587 0.000000 1010.570862
0.000000 1076.461759 463.062429
0.000000 0.000000 1.000000

distortion
0.019645 0.007271 -0.004324 -0.001628 0.000000

rectification
1.000000 0.000000 0.000000
0.000000 1.000000 0.000000
0.000000 0.000000 1.000000

projection
1108.253662 0.000000 1003.755546 0.000000
0.000000 1108.390015 456.928611 0.000000
0.000000 0.000000 1.000000 0.000000
