# oST version 5.0 parameters


[image]

width
1920

height
1080

[narrow_stereo]

camera matrix
1041.855026 0.000000 1022.102254
0.000000 1042.311882 479.716214
0.000000 0.000000 1.000000

distortion
0.005822 0.017533 -0.000279 -0.001816 0.000000

rectification
1.000000 0.000000 0.000000
0.000000 1.000000 0.000000
0.000000 0.000000 1.000000

projection
1071.510620 0.000000 1012.883324 0.000000
0.000000 1076.355713 480.020880 0.000000
0.000000 0.000000 1.000000 0.000000
